
2 4.707722 -1821.745 420.1112 25.92596 4.707722 -1821.745 420.1112 25.92596 0
3 0.5 0.5 0.5 0.5 4.707722 -1821.745 420.1112 25.92596 3.071289
4 0.3765378 -11.02701 136.1166 12.77288 0.3765378 -11.02701 136.1166 12.77288 2.089319
5 0.9587687 -29.59624 376.2578 12.63804 0.9587687 -29.59624 376.2578 12.63804 0.3844331
6 1.380575 -63.43932 374.9017 12.60608 1.380575 -63.43932 374.9017 12.60608 0.205469
7 1.971191 -373.6684 375.7374 14.0896 1.971191 -373.6684 375.7374 14.0896 0.1483969
8 1.380892 -373.6709 375.7374 14.0896 1.380892 -373.6709 375.7374 14.0896 3.085118
9 0.291643 -9.406301 122.6927 2.804829 0.291643 -9.406301 122.6927 2.804829 2.516915
10 0.8843786 -28.82838 398.116 9.125704 0.8843786 -28.82838 398.116 9.125704 0.4825225
11 1.29752 -50.57893 470.11 0.7077339 1.29752 -50.57893 470.11 0.7077339 0.1920334
12 1.734267 -204.8457 465.5674 0.4588264 1.734267 -204.8457 465.5674 0.4588264 0.269674
13 2.298371 -1135.129 516.6306 -44.4115 2.298371 -1135.129 516.6306 -44.4115 0.001039962
