
2 0.5 0.5 0.5 0.5 0.5 0.5 0.5 0.5 1.635296
3 0.9337604 -25.22096 0.2326738 0.4991347 0.9337604 -25.22096 0.2326738 0.4991347 0.4017571
4 1.20555 -71.22972 -0.2809344 0.496768 1.20555 -71.22972 -0.2809344 0.496768 0.06319879
5 1.189038 -101.4683 0.02975779 0.5333366 1.189038 -101.4683 0.02975779 0.5333366 0.004987033

2 59.08092 -101.2876 -30.07456 -76.75252 59.08092 -101.2876 -30.07456 -76.75252 0

2 59.08092 -101.2876 -30.07456 -76.75252 59.08092 -101.2876 -30.07456 -76.75252 0
3 0.5 0.5 0.5 0.5 59.08092 -101.2876 -30.07456 -76.75252 2.246109
4 0.8877895 -103.705 -0.006231606 0.4991369 0.8877895 -103.705 -0.006231606 0.4991369 0.5583571
5 0.8207182 -23.10282 1.682792 0.44223 0.8207182 -23.10282 1.682792 0.44223 0.4790942
6 1.152338 -57.04216 1.261109 0.441305 1.152338 -57.04216 1.261109 0.441305 0.06597544
7 1.190602 -90.86212 1.346115 0.457092 1.190602 -90.86212 1.346115 0.457092 0.01538358
8 1.178482 -108.3889 2.022846 0.4681743 1.178482 -108.3889 2.022846 0.4681743 0.001083409
