
2 0.5 0.5 0.5 0.5 0.5 0.5 0.5 0.5 2.243169
3 1.236229 -33.00658 601.5858 -8716.463 1.236229 -33.00658 601.5858 -8716.463 0.3366561
4 1.890791 -101.2589 597.8721 -8716.58 1.890791 -101.2589 597.8721 -8716.58 0.7811761
5 1.881797 -885.1892 594.6102 -8716.588 1.881797 -885.1892 594.6102 -8716.588 0.3479839
6 8.310732 -13565.82 593.5161 -8710.805 8.310732 -13565.82 593.5161 -8710.805 0
7 0.5 0.5 0.5 0.5 8.310732 -13565.82 593.5161 -8710.805 7.88059
8 0.1426442 -6.640717 27.74008 3.195188 0.1426442 -6.640717 27.74008 3.195188 3.726204
9 0.7487423 -12.08246 88.16012 -484.7335 0.7487423 -12.08246 88.16012 -484.7335 1.088407
10 1.412232 -44.27826 950.6355 -16500.83 1.412232 -44.27826 950.6355 -16500.83 0.5878129
11 2.191408 -229.9834 943.1641 -16501.02 2.191408 -229.9834 943.1641 -16501.02 0.8777569
12 1.656394 -1734.677 943.6617 -16501.3 1.656394 -1734.677 943.6617 -16501.3 0.271812
13 5.12969 -8610.857 942.8288 -16501.5 5.12969 -8610.857 942.8288 -16501.5 0

2 5.12969 -8610.857 942.8288 -16501.5 5.12969 -8610.857 942.8288 -16501.5 0
3 0.5 0.5 0.5 0.5 5.12969 -8610.857 942.8288 -16501.5 7.898935
4 0.1466138 -6.792374 28.72203 3.305868 0.1466138 -6.792374 28.72203 3.305868 3.713873
5 0.6482745 -8.61368 48.65314 -222.6954 0.6482745 -8.61368 48.65314 -222.6954 1.381531
6 1.406786 -42.5349 867.5813 -14090.54 1.406786 -42.5349 867.5813 -14090.54 0.600413
7 2.194899 -230.8259 859.514 -14090.76 2.194899 -230.8259 859.514 -14090.76 0.8778707
8 1.656115 -1731.894 860.2226 -14090.77 1.656115 -1731.894 860.2226 -14090.77 0.2643685
9 3.718283 -6212.956 859.5166 -14090.77 3.718283 -6212.956 859.5166 -14090.77 0

2 0.5 0.5 0.5 0.5 0.5 0.5 0.5 0.5 -2.145606
3 1 -21.0216 328.2326 -4353.385 1 -21.0216 328.2326 -4353.385 -0.03689866
4 1 -20.67279 324.785 -4999.968 1 -20.67279 324.785 -4999.968 -0.001923523
